TEXT
IMAGE
SOUND
VIDEO
3D
1
dc:type 1
dc:type 2
Image
documentary
video
1790
material textual, impresso
language materials, printed
1792
1783
1738
1794
1814
Cabo
1784
1804
1755
78
opera
1764
Ópera
1773
1815
1777
1787
1768
1782
1836
Tambor
1789
1820
1785
1780
1788
1822
1827
1793
1819
1778
1807
1824
Auto
1600
Confidente
1791
1855
1802
Musica
1825
1823
1771
1770
Palas
1761
1750
1786
1779
1776
1774
1758
1838
1693
1775
1760
1847
1821
1843
1767
1746
1817
1765
1735
1833
1801
1844
1840
1849
1742
1851
1737
1886
1808
1772
1769
1853
1728
1766
1818
1744
1692
1831
1797
1867
1809